20090102,43.13
20090105,0
20090108,0
20101211,0.23
20101226,0.27
20101229,0.3
20110101,0.3
20110104,0.3
20120517,5.1
20120520,5.14
20120523,5.13
20120526,5.15
20120529,5.16
20120601,5.21
20120604,5.27
20120607,5.48
20120610,5.68
20120613,5.76
20120616,6.27
20120619,6.48
20120622,6.8
20120625,6.56
20120628,6.58
20120701,6.69
20120704,6.71
20120707,6.74
20120710,6.98
20120713,7.46
20120716,7.8
20120719,9.37
20120722,9.53
20120725,8.91
20120728,8.95
20120731,9.22
20120803,10.12
20120806,11.21
20120809,11.35
20120812,11.64
20120815,12.3
20120818,15.37
20120821,10.45
20120824,10.25
20120827,10.99
20120830,11.14
20120902,10.36
20120905,10.59
20120908,11.27
20120911,11.14
20120914,11.48
20120917,11.98
20120920,12.63
20120923,12.4
20120926,12.24
20120929,12.46
20121002,12.58
20121005,13.07
20121008,12.58
20121011,12.16
20121014,12.1
20121017,11.99
20121020,11.94
20121023,11.86
20121026,11.56
20121028,10.69
20121031,11.17
20121103,10.62
20121106,10.97
20121109,11.04
20121112,11.17
20121115,11.28
20121118,11.82
20121121,11.9
20121124,12.46
20121127,12.5
20121130,12.66
20121203,12.75
20121206,13.69
20121209,13.53
20121212,13.8
20121215,13.75
20121218,13.4
20121221,13.63
20121224,13.45
20121227,13.51
20121230,13.57
20130102,13.42
20130105,13.54
20130108,13.84
20130111,14.31
20130114,14.34
20130117,15.53
20130120,16.15
20130123,17.97
20130126,17.71
20130129,19.78
20130201,21.25
20130204,20.99
20130207,22.15
20130210,23.97
20130213,24.3
20130216,27.39
20130219,29.48
20130222,30.52
20130225,30.4
20130228,33.36
20130303,34.25
20130306,42
20130309,46.93
20130312,44.32
20130315,46.9
20130318,52.12
20130321,70.25
20130324,71.93
20130327,88.8
20130330,92.5
20130403,117.34
20130406,142.1
20130409,186.96
20130412,124.9
20130415,100
20130418,93.9
20130421,127.5
20130424,142.5
20130427,137
20130430,144.54
20130503,103.3
20130506,115.98
20130509,113.35
20130512,115.68
20130515,112
20130518,123.32
20130521,122.02
20130524,126.7
20130527,133.5
20130530,132.3
20130602,129.3
20130605,121.42
20130608,111.5
20130611,106.1
20130614,103.9
20130617,99.9
20130620,107.68
20130623,108.35
20130626,103.89
20130629,94.65
20130702,87
20130705,80.04
20130708,75
20130711,87.9
20130714,98
20130717,97.05
20130720,92
20130723,91.99
20130726,97
20130729,98.7
20130801,106.2
20130804,104.95
20130807,106.56
20130810,102.8
20130813,106.64
20130816,98.08
20130819,99.3
20130822,110.43
20130825,109.04
20130828,117.72
20130831,124.84
20130903,130.09
20130906,122.63
20130909,118.18
20130912,126.54
20130915,124.05
20130918,139.15
20130921,123.04
20130924,122.65
20130927,124.65
20130930,127.01
20131003,103.85
20131006,121.2
20131009,124.12
20131012,127.41
20131015,135.17
20131018,143.94
20131021,186.12
20131024,203.7
20131027,179.56
20131029,216
20131101,203
20131104,229.95
20131107,291.02
20131110,328
20131113,393
20131116,437.24
20131119,547
20131122,795
20131125,814.56
20131128,1014.1
20131201,955.01
20131204,1136.9
20131207,705.91
20131210,978.76
20131213,885
20131216,690
20131219,685.3
20131222,614.11
20131225,679.02
20131228,715
20131231,732
20140103,807.39
20140106,915.69
20140109,826.28
20140112,844.04
20140115,841.83
20140118,811.2
20140121,824.78
20140124,780.02
20140127,747.57
20140130,800
20140202,814.34
20140205,781
20140208,680.8
20140211,675.1
20140214,670.29
20140217,629.96
20140220,563
20140223,611.05
20140226,585.21
20140301,567.48
20140304,673.28
20140307,631.99
20140310,629.33
20140313,641.01
20140316,634.99
20140319,611.2
20140322,563.01
20140325,585.79
20140328,499.6
20140401,457.49
20140404,448.72
20140407,458
20140410,441.93
20140413,423.37
20140416,523
20140419,482.11
20140422,498.38
20140425,502.15
20140428,438.8
20140501,452.03
20140504,440
20140507,428.01
20140510,449
20140513,442.45
20140516,446.53
20140519,446.89
20140522,493.97
20140525,527.91
20140528,572.7
20140531,621.3
20140603,662
20140606,661.48
20140609,657.11
20140612,624.97
20140615,572.28
20140618,608
20140621,593.48
20140624,588.25
20140627,577.34
20140630,599.99
20140703,650.49
20140706,631
20140709,624.97
20140712,634
20140715,621.21
20140718,625.8
20140721,627
20140724,620.43
20140727,595.9
20140730,585.5
20140802,595.76
20140805,588.5
20140808,585.02
20140811,590.74
20140814,549.98
20140817,523.88
20140820,490
20140823,515.69
20140826,501.55
20140829,506.61
20140901,478.87
20140904,474.5
20140907,479.59
20140910,473.35
20140913,474.62
20140916,470.83
20140919,425.56
20140922,401.15